distancia	batimetria	borde	dem	topo_base
0000.00	2923.347			
0001.00	2923.325			
0002.00	2923.325			
0003.00	2923.307			
0004.00	2923.308			
0005.00	2923.310			
0006.00	2923.312			
0007.00	2923.314			
0008.00	2923.315			
0009.00	2923.296			
0010.00	2923.290			
0011.00	2923.287			
0012.00	2923.284			
0013.00	2923.290			
0014.00	2923.300			
0015.00	2923.308			
0016.00	2923.316			
0017.00	2923.318			
0018.00	2923.338			
0019.00	2923.338			
0020.00	2923.338			
0021.00	2923.365			
0022.00	2923.400			
0023.00	2923.400			
0024.00	2923.399			
0025.00	2923.391			
0026.00	2923.387			
0027.00	2923.384			
0028.00	2923.380			
0029.00	2923.375			
0030.00	2923.372			
0031.00	2923.372			
0032.00	2923.376			
0033.00	2923.362			
0034.00	2923.358			
0035.00	2923.354			
0036.00	2923.350			
0037.00	2923.358			
0038.00	2923.369			
0039.00	2923.374			
0040.00	2923.367			
0041.00	2923.361			
0042.00	2923.355			
0043.00	2923.350			
0044.00	2923.345			
0045.00	2923.341			
0046.00	2923.328			
0047.00	2923.315			
0048.00	2923.302			
0049.00	2923.288			
0050.00	2923.275			
0051.00	2923.262			
0052.00	2923.249			
0053.00	2923.237			
0054.00	2923.224			
0055.00	2923.219			
0056.00	2923.218			
0057.00	2923.216			
0058.00	2923.214			
0059.00	2923.212			
0060.00	2923.256			
0061.00	2923.288			
0062.00	2923.287			
0063.00	2923.286			
0064.00	2923.287			
0065.00	2923.282			
0066.00	2923.271			
0067.00	2923.269			
0068.00	2923.267			
0069.00	2923.291			
0070.00	2923.315			
0071.00	2923.338			
0072.00	2923.359			
0073.00	2923.361			
0074.00	2923.362			
0075.00	2923.363			
0076.00	2923.365			
0077.00	2923.366			
0078.00	2923.372			
0079.00	2923.380			
0080.00	2923.388			
0081.00	2923.394			
0082.00	2923.397			
0083.00	2923.399			
0084.00	2923.402			
0085.00	2923.404			
0086.00	2923.406			
0087.00	2923.397			
0088.00	2923.375			
0089.00	2923.378			
0090.00	2923.404			
0091.00	2923.422			
0092.00	2923.436			
0093.00	2923.438			
0094.00	2923.440			
0095.00	2923.442			
0096.00	2923.444			
0097.00	2923.446			
0098.00	2923.448			
0099.00	2923.450			
0100.00	2923.452			
0101.00	2923.454			
0102.00	2923.452			
0103.00	2923.450			
0104.00	2923.448			
0105.00	2923.446			
0106.00	2923.443			
0107.00	2923.441			
0108.00	2923.435			
0109.00	2923.432			
0110.00	2923.430			
0111.00	2923.443			
0112.00	2923.457			
0113.00	2923.464			
0114.00	2923.470			
0115.00	2923.477			
0116.00	2923.483			
0117.00	2923.491			
0118.00	2923.492			
0119.00	2923.493			
0120.00	2923.502			
0121.00	2923.511			
0122.00	2923.520			
0123.00	2923.529			
0124.00	2923.538			
0125.00	2923.547			
0126.00	2923.556			
0127.00	2923.565			
0128.00	2923.574			
0129.00	2923.579			
0130.00	2923.582			
0131.00	2923.586			
0132.00	2923.594			
0133.00	2923.581			
0134.00	2923.565			
0135.00	2923.560			
0136.00	2923.563			
0137.00	2923.567			
0138.00	2923.570			
0139.00	2923.573			
0140.00	2923.576			
0141.00	2923.579			
0142.00	2923.585			
0143.00	2923.573			
0144.00	2923.571			
0145.00	2923.580			
0146.00	2923.584			
0147.00	2923.589			
0148.00	2923.594			
0149.00	2923.598			
0150.00	2923.605			
0151.00	2923.607			
0152.00	2923.605			
0153.00	2923.602			
0154.00	2923.601			
0155.00	2923.599			
0156.00	2923.597			
0157.00	2923.596			
0158.00	2923.594			
0159.00	2923.593			
0160.00	2923.591			
0161.00	2923.589			
0162.00	2923.588			
0163.00	2923.586			
0164.00	2923.584			
0165.00	2923.583			
0166.00	2923.581			
0167.00	2923.579			
0168.00	2923.578			
0169.00	2923.576			
0170.00	2923.574			
0171.00	2923.572			
0172.00	2923.571			
0173.00	2923.569			
0174.00	2923.567			
0175.00	2923.565			
0176.00	2923.564			
0177.00	2923.562			
0178.00	2923.560			
0179.00	2923.558			
0180.00	2923.557			
0181.00	2923.555			
0182.00	2923.553			
0183.00	2923.551			
0184.00	2923.548			
0185.00	2923.545			
0186.00	2923.543			
0187.00	2923.540			
0188.00	2923.537			
0189.00	2923.535			
0190.00	2923.532			
0191.00	2923.529			
0192.00	2923.527			
0193.00	2923.525			
0194.00	2923.523			
0195.00	2923.521			
0196.00	2923.520			
0197.00	2923.520			
0198.00	2923.529			
0199.00	2923.534			
0200.00	2923.538			
0201.00	2923.548			
0202.00	2923.559			
0203.00	2923.570			
0204.00	2923.581			
0205.00	2923.578			
0206.00	2923.578			
0207.00	2923.578			
0208.00	2923.584			
0209.00	2923.589			
0210.00	2923.595			
0211.00	2923.600			
0212.00	2923.605			
0213.00	2923.611			
0214.00	2923.616			
0215.00	2923.622			
0216.00	2923.627			
0217.00	2923.633			
0218.00	2923.638			
0219.00	2923.644			
0220.00	2923.649			
0221.00	2923.654			
0222.00	2923.660			
0223.00	2923.665			
0224.00	2923.671			
0225.00	2923.676			
0226.00	2923.682			
0227.00	2923.687			
0228.00	2923.693			
0229.00	2923.698			
0230.00	2923.703			
0231.00	2923.706			
0232.00	2923.706			
0233.00	2923.693			
0234.00	2923.683			
0235.00	2923.673			
0236.00	2923.668			
0237.00	2923.663			
0238.00	2923.658			
0239.00	2923.653			
0240.00	2923.650			
0241.00	2923.650			
0242.00	2923.646			
0243.00	2923.639			
0244.00	2923.633			
0245.00	2923.626			
0246.00	2923.620			
0247.00	2923.618			
0248.00	2923.620			
0249.00	2923.622			
0250.00	2923.624			
0251.00	2923.633			
0252.00	2923.643			
0253.00	2923.652			
0254.00	2923.653			
0255.00	2923.655			
0256.00	2923.658			
0257.00	2923.670			
0258.00	2923.672			
0259.00	2923.672			
0260.00	2923.672			
0261.00	2923.673			
0262.00	2923.673			
0263.00	2923.673			
0264.00	2923.673			
0265.00	2923.672			
0266.00	2923.672			
0267.00	2923.672			
0268.00	2923.668			
0269.00	2923.665			
0270.00	2923.665			
0271.00	2923.665			
0272.00	2923.665			
0273.00	2923.670			
0274.00	2923.675			
0275.00	2923.683			
0276.00	2923.685			
0277.00	2923.685			
0278.00	2923.694			
0279.00	2923.702			
0280.00	2923.710			
0281.00	2923.714			
0282.00	2923.717			
0283.00	2923.731			
0284.00	2923.740			
0285.00	2923.743			
0286.00	2923.747			
0287.00	2923.752			
0288.00	2923.752			
0289.00	2923.751			
0290.00	2923.750			
0291.00	2923.749			
0292.00	2923.749			
0293.00	2923.748			
0294.00	2923.747			
0295.00	2923.746			
0296.00	2923.741			
0297.00	2923.740			
0298.00	2923.741			
0299.00	2923.745			
0300.00	2923.747			
0301.00	2923.747			
0302.00	2923.746			
0303.00	2923.746			
0304.00	2923.747			
0305.00	2923.747			
0306.00	2923.745			
0307.00	2923.733			
0308.00	2923.729			
0309.00	2923.720			
0310.00	2923.708			
0311.00	2923.715			
0312.00	2923.716			
0313.00	2923.714			
0314.00	2923.712			
0315.00	2923.717			
0316.00	2923.730			
0317.00	2923.744			
0318.00	2923.749			
0319.00	2923.752			
0320.00	2923.761			
0321.00	2923.754			
0322.00	2923.751			
0323.00	2923.753			
0324.00	2923.755			
0325.00	2923.757			
0326.00	2923.757			
0327.00	2923.757			
0328.00	2923.757			
0329.00	2923.757			
0330.00	2923.757			
0331.00	2923.760			
0332.00	2923.785			
0333.00	2923.768			
0334.00	2923.773			
0335.00	2923.780			
0336.00	2923.786			
0337.00	2923.792			
0338.00	2923.798			
0339.00	2923.802			
0340.00	2923.807			
0341.00	2923.811			
0342.00	2923.817			
0343.00	2923.831			
0344.00	2923.852			
0345.00	2923.863			
0346.00	2923.872			
0347.00	2923.877			
0348.00	2923.885			
0349.00	2923.885			
0350.00	2923.892			
0351.00	2923.902			
0352.00	2923.913			
0353.00	2923.923			
0354.00	2923.927			
0355.00	2923.923			
0356.00	2923.923			
0357.00	2923.931			
0358.00	2923.934			
0359.00	2923.941			
0360.00	2923.959			
0361.00	2923.966			
0362.00	2923.965			
0363.00	2923.978			
0364.00	2923.990			
0365.00	2923.999			
0366.00	2924.008			
0367.00	2924.018			
0368.00	2924.024			
0369.00	2924.030			
0370.00	2924.034			
0371.00	2924.046			
0372.00	2924.076			
0373.00	2924.097			
0374.00	2924.101			
0375.00	2924.106			
0376.00	2924.110			
0377.00	2924.114			
0378.00	2924.118			
0379.00	2924.122			
0380.00	2924.126			
0381.00	2924.133			
0382.00	2924.136			
0383.00	2924.141			
0384.00	2924.130			
0385.00	2924.128			
0386.00	2924.140			
0387.00	2924.144			
0388.00	2924.153			
0389.00	2924.166			
0390.00	2924.169			
0391.00	2924.186			
0392.00	2924.189			
0393.00	2924.193			
0394.00	2924.196			
0395.00	2924.199			
0396.00	2924.208			
0397.00	2924.217			
0398.00	2924.225			
0399.00	2924.229			
0400.00	2924.233			
0401.00	2924.244			
0402.00	2924.252			
0403.00	2924.254			
0404.00	2924.257			
0405.00	2924.260			
0406.00	2924.263			
0407.00	2924.265			
0408.00	2924.268			
0409.00	2924.272			
0410.00	2924.294			
0411.00	2924.294			
0412.00	2924.296			
0413.00	2924.291			
0414.00	2924.292			
0415.00	2924.303			
0416.00	2924.323			
0417.00	2924.337			
0418.00	2924.345			
0419.00	2924.345			
0420.00	2924.345			
0421.00	2924.346			
0422.00	2924.360			
0423.00	2924.361			
0424.00	2924.359			
0425.00	2924.373			
0426.00	2924.368			
0427.00	2924.370			
0428.00	2924.373			
0429.00	2924.380			
0430.00	2924.391			
0431.00	2924.403			
0432.00	2924.414			
0433.00	2924.420			
0434.00	2924.424			
0435.00	2924.426			
0436.00	2924.427			
0437.00	2924.429			
0438.00	2924.430			
0439.00	2924.432			
0440.00	2924.438			
0441.00	2924.445			
0442.00	2924.472			
0443.00	2924.476			
0444.00	2924.479			
0445.00	2924.484			
0446.00	2924.490			
0447.00	2924.498			
0448.00	2924.495			
0449.00	2924.492			
0450.00	2924.492			
0451.00	2924.497			
0452.00	2924.505			
0453.00	2924.505			
0454.00	2924.505			
0455.00	2924.505			
0456.00	2924.505			
0457.00	2924.506			
0458.00	2924.510			
0459.00	2924.514			
0460.00	2924.518			
0461.00	2924.523			
0462.00	2924.533			
0463.00	2924.532			
0464.00	2924.537			
0465.00	2924.539			
0466.00	2924.529			
0467.00	2924.520			
0468.00	2924.521			
0469.00	2924.541			
0470.00	2924.543			
0471.00	2924.548			
0472.00	2924.560			
0473.00	2924.567			
0474.00	2924.573			
0475.00	2924.575			
0476.00	2924.592			
0477.00	2924.584			
0478.00	2924.594			
0479.00	2924.598			
0480.00	2924.607			
0481.00	2924.613			
0482.00	2924.617			
0483.00	2924.623			
0484.00	2924.628			
0485.00	2924.633			
0486.00	2924.635			
0487.00	2924.640			
0488.00	2924.646			
0489.00	2924.647			
0490.00	2924.647			
0491.00	2924.647			
0492.00	2924.646			
0493.00	2924.646			
0494.00	2924.646			
0495.00	2924.645			
0496.00	2924.654			
0497.00	2924.667			
0498.00	2924.664			
0499.00	2924.674			
0500.00	2924.682			
0501.00	2924.689			
0502.00	2924.689			
0503.00	2924.692			
0504.00	2924.700			
0505.00	2924.700			
0506.00	2924.698			
0507.00	2924.686			
0508.00	2924.683			
0509.00	2924.684			
0510.00	2924.688			
0511.00	2924.691			
0512.00	2924.695			
0513.00	2924.702			
0514.00	2924.710			
0515.00	2924.728			
0516.00	2924.746			
0517.00	2924.745			
0518.00	2924.754			
0519.00	2924.755			
0520.00	2924.756			
0521.00	2924.757			
0522.00	2924.754			
0523.00	2924.747			
0524.00	2924.749			
0525.00	2924.752			
0526.00	2924.761			
0527.00	2924.769			
0528.00	2924.772			
0529.00	2924.775			
0530.00	2924.777			
0531.00	2924.779			
0532.00	2924.779			
0533.00	2924.779			
0534.00	2924.778			
0535.00	2924.779			
0536.00	2924.785			
0537.00	2924.792			
0538.00	2924.798			
0539.00	2924.804			
0540.00	2924.810			
0541.00	2924.814			
0542.00	2924.819			
0543.00	2924.824			
0544.00	2924.830			
0545.00	2924.836			
0546.00	2924.841			
0547.00	2924.847			
0548.00	2924.864			
0549.00	2924.875			
0550.00	2924.865			
0551.00	2924.860			
0552.00	2924.856			
0553.00	2924.852			
0554.00	2924.852			
0555.00	2924.854			
0556.00	2924.854			
0557.00	2924.870			
0558.00	2924.856			
0559.00	2924.857			
0560.00	2924.866			
0561.00	2924.876			
0562.00	2924.873			
0563.00	2924.866			
0564.00	2924.861			
0565.00	2924.861			
0566.00	2924.873			
0567.00	2924.882			
0568.00	2924.886			
0569.00	2924.880			
0570.00	2924.879			
0571.00	2924.878			
0572.00	2924.878			
0573.00	2924.878			
0574.00	2924.878			
0575.00	2924.886			
0576.00	2924.890			
0577.00	2924.890			
0578.00	2924.906			
0579.00	2924.926			
0580.00	2924.929			
0581.00	2924.923			
0582.00	2924.926			
0583.00	2924.928			
0584.00	2924.926			
0585.00	2924.923			
0586.00	2924.921			
0587.00	2924.918			
0588.00	2924.915			
0589.00	2924.911			
0590.00	2924.907			
0591.00	2924.914			
0592.00	2924.915			
0593.00	2924.918			
0594.00	2924.922			
0595.00	2924.917			
0596.00	2924.920			
0597.00	2924.923			
0598.00	2924.927			
0599.00	2924.932			
0600.00	2924.936			
0601.00	2924.940			
0602.00	2924.944			
0603.00	2924.947			
0604.00	2924.947			
0605.00	2924.950			
0606.00	2924.954			
0607.00	2924.956			
0608.00	2924.961			
0609.00	2924.967			
0610.00	2924.972			
0611.00	2924.975			
0612.00	2924.977			
0613.00	2924.980			
0614.00	2924.984			
0615.00	2924.987			
0616.00	2924.987			
0617.00	2924.974			
0618.00	2924.968			
0619.00	2924.968			
0620.00	2924.992			
0621.00	2925.037			
0622.00	2925.055			
0623.00	2925.054			
0624.00	2925.036			
0625.00	2925.088			
0626.00	2925.085			
0627.00	2925.074			
0628.00	2925.063			
0629.00	2925.052			
0630.00	2925.042			
0631.00	2925.036			
0632.00	2925.028			
0633.00	2925.026			
0634.00	2925.027			
0635.00	2925.028			
0636.00	2925.056			
0637.00	2925.090			
0638.00	2925.082			
0639.00	2925.061			
0640.00	2925.057			
0641.00	2925.051			
0642.00	2925.045			
0643.00	2925.041			
0644.00	2925.037			
0645.00	2925.039			
0646.00	2925.066			
0647.00	2925.093			
0648.00	2925.120			
0649.00	2925.147			
0650.00	2925.165			
0651.00	2925.167			
0652.00	2925.169			
0653.00	2925.170			
0654.00	2925.172			
0655.00	2925.173			
0656.00	2925.175			
0657.00	2925.176			
0658.00	2925.178			
0659.00	2925.179			
0660.00	2925.182			
0661.00	2925.150			
0662.00	2925.112			
0663.00	2925.081			
0664.00	2925.083			
0665.00	2925.087			
0666.00	2925.091			
0667.00	2925.095			
0668.00	2925.099			
0669.00	2925.103			
0670.00	2925.107			
0671.00	2925.111			
0672.00	2925.114			
0673.00	2925.118			
0674.00	2925.122			
0675.00	2925.126			
0676.00	2925.130			
0677.00	2925.134			
0678.00	2925.138			
0679.00	2925.137			
0680.00	2925.133			
0681.00	2925.130			
0682.00	2925.116			
0683.00	2925.101			
0684.00	2925.123			
0685.00	2925.123			
0686.00	2925.110			
0687.00	2925.110			
0688.00	2925.110			
0689.00	2925.110			
0690.00	2925.107			
0691.00	2925.103			
0692.00	2925.100			
0693.00	2925.100			
0694.00	2925.100			
0695.00	2925.101			
0696.00	2925.114			
0697.00	2925.126			
0698.00	2925.139			
0699.00	2925.162			
0700.00	2925.185			
0701.00	2925.184			
0702.00	2925.180			
0703.00	2925.175			
0704.00	2925.171			
0705.00	2925.167			
0706.00	2925.159			
0707.00	2925.150			
0708.00	2925.147			
0709.00	2925.142			
0710.00	2925.142			
0711.00	2925.143			
0712.00	2925.144			
0713.00	2925.144			
0714.00	2925.144			
0715.00	2925.149			
0716.00	2925.179			
0717.00	2925.180			
0718.00	2925.181			
0719.00	2925.187			
0720.00	2925.202			
0721.00	2925.210			
0722.00	2925.214			
0723.00	2925.218			
0724.00	2925.223			
0725.00	2925.227			
0726.00	2925.231			
0727.00	2925.235			
0728.00	2925.239			
0729.00	2925.244			
0730.00	2925.248			
0731.00	2925.252			
0732.00	2925.256			
0733.00	2925.260			
0734.00	2925.264			
0735.00	2925.269			
0736.00	2925.273			
0737.00	2925.277			
0738.00	2925.282			
0739.00	2925.342			
0740.00	2925.359			
0741.00	2925.353			
0742.00	2925.347			
0743.00	2925.341			
0744.00	2925.335			
0745.00	2925.326			
0746.00	2925.320			
0747.00	2925.330			
0748.00	2925.324			
0749.00	2925.321			
0750.00	2925.321			
0751.00	2925.322			
0752.00	2925.322			
0753.00	2925.323			
0754.00	2925.323			
0755.00	2925.324			
0756.00	2925.325			
0757.00	2925.325			
0758.00	2925.326			
0759.00	2925.326			
0760.00	2925.327			
0761.00	2925.327			
0762.00	2925.328			
0763.00	2925.328			
0764.00	2925.330			
0765.00	2925.335			
0766.00	2925.336			
0767.00	2925.340			
0768.00	2925.358			
0769.00	2925.358			
0770.00	2925.348			
0771.00	2925.364			
0772.00	2925.383			
0773.00	2925.384			
0774.00	2925.384			
0775.00	2925.385			
0776.00	2925.385			
0777.00	2925.385			
0778.00	2925.386			
0779.00	2925.386			
0780.00	2925.386			
0781.00	2925.386			
0782.00	2925.387			
0783.00	2925.387			
0784.00	2925.387			
0785.00	2925.388			
0786.00	2925.388			
0787.00	2925.388			
0788.00	2925.389			
0789.00	2925.389			
0790.00	2925.389			
0791.00	2925.390			
0792.00	2925.390			
0793.00	2925.390			
0794.00	2925.391			
0795.00	2925.391			
0796.00	2925.391			
0797.00	2925.392			
0798.00	2925.392			
0799.00	2925.392			
0800.00	2925.393			
0801.00	2925.393			
0802.00	2925.393			
0803.00	2925.394			
0804.00	2925.394			
0805.00	2925.396			
0806.00	2925.408			
0807.00	2925.420			
0808.00	2925.433			
0809.00	2925.436			
0810.00	2925.438			
0811.00	2925.440			
0812.00	2925.442			
0813.00	2925.448			
0814.00	2925.462			
0815.00	2925.474			
0816.00	2925.481			
0817.00	2925.489			
0818.00	2925.496			
0819.00	2925.503			
0820.00	2925.510			
0821.00	2925.514			
0822.00	2925.518			
0823.00	2925.521			
0824.00	2925.525			
0825.00	2925.529			
0826.00	2925.532			
0827.00	2925.536			
0828.00	2925.539			
0829.00	2925.542			
0830.00	2925.559			
0831.00	2925.575			
0832.00	2925.576			
0833.00	2925.578			
0834.00	2925.579			
0835.00	2925.581			
0836.00	2925.582			
0837.00	2925.583			
0838.00	2925.585			
0839.00	2925.586			
0840.00	2925.588			
0841.00	2925.589			
0842.00	2925.576			
0843.00	2925.567			
0844.00	2925.569			
0845.00	2925.571			
0846.00	2925.576			
0847.00	2925.582			
0848.00	2925.590			
0849.00	2925.598			
0850.00	2925.606			
0851.00	2925.614			
0852.00	2925.621			
0853.00	2925.624			
0854.00	2925.627			
0855.00	2925.629			
0856.00	2925.632			
0857.00	2925.635			
0858.00	2925.636			
0859.00	2925.637			
0860.00	2925.635			
0861.00	2925.634			
0862.00	2925.635			
0863.00	2925.638			
0864.00	2925.642			
0865.00	2925.647			
0866.00	2925.654			
0867.00	2925.658			
0868.00	2925.661			
0869.00	2925.664			
0870.00	2925.667			
0871.00	2925.670			
0872.00	2925.673			
0873.00	2925.683			
0874.00	2925.684			
0875.00	2925.688			
0876.00	2925.697			
0877.00	2925.711			
0878.00	2925.704			
0879.00	2925.708			
0880.00	2925.717			
0881.00	2925.720			
0882.00	2925.727			
0883.00	2925.732			
0884.00	2925.747			
0885.00	2925.759			
0886.00	2925.763			
0887.00	2925.766			
0888.00	2925.769			
0889.00	2925.772			
0890.00	2925.775			
0891.00	2925.777			
0892.00	2925.778			
0893.00	2925.780			
0894.00	2925.775			
0895.00	2925.760			
0896.00	2925.760			
0897.00	2925.762			
0898.00	2925.765			
0899.00	2925.767			
0900.00	2925.769			
0901.00	2925.772			
0902.00	2925.774			
0903.00	2925.776			
0904.00	2925.779			
0905.00	2925.781			
0906.00	2925.783			
0907.00	2925.785			
0908.00	2925.787			
0909.00	2925.789			
0910.00	2925.792			
0911.00	2925.795			
0912.00	2925.794			
0913.00	2925.790			
0914.00	2925.784			
0915.00	2925.785			
0916.00	2925.788			
0917.00	2925.791			
0918.00	2925.794			
0919.00	2925.795			
0920.00	2925.803			
0921.00	2925.810			
0922.00	2925.816			
0923.00	2925.822			
0924.00	2925.827			
0925.00	2925.827			
0926.00	2925.827			
0927.00	2925.828			
0928.00	2925.833			
0929.00	2925.838			
0930.00	2925.843			
0931.00	2925.848			
0932.00	2925.853			
0933.00	2925.858			
0934.00	2925.863			
0935.00	2925.868			
0936.00	2925.873			
0937.00	2925.882			
0938.00	2925.892			
0939.00	2925.902			
0940.00	2925.907			
0941.00	2925.913			
0942.00	2925.919			
0943.00	2925.926			
0944.00	2925.934			
0945.00	2925.942			
0946.00	2925.950			
0947.00	2925.958			
0948.00	2925.963			
0949.00	2925.970			
0950.00	2925.976			
0951.00	2925.983			
0952.00	2925.989			
0953.00	2925.996			
0954.00	2926.003			
0955.00	2926.009			
0956.00	2926.015			
0957.00	2926.021			
0958.00	2926.027			
0959.00	2926.033			
0960.00	2926.039			
0961.00	2926.045			
0962.00	2926.051			
0963.00	2926.057			
0964.00	2926.061			
0965.00	2926.065			
0966.00	2926.068			
0967.00	2926.070			
0968.00	2926.070			
0969.00	2926.073			
0970.00	2926.076			
0971.00	2926.079			
0972.00	2926.083			
0973.00	2926.087			
0974.00	2926.092			
0975.00	2926.097			
0976.00	2926.101			
0977.00	2926.106			
0978.00	2926.110			
0979.00	2926.110			
0980.00	2926.110			
0981.00	2926.110			
0982.00	2926.115			
0983.00	2926.121			
0984.00	2926.128			
0985.00	2926.134			
0986.00	2926.141			
0987.00	2926.147			
0988.00	2926.154			
0989.00	2926.160			
0990.00	2926.171			
0991.00	2926.184			
0992.00	2926.189			
0993.00	2926.192			
0994.00	2926.196			
0995.00	2926.199			
0996.00	2926.202			
0997.00	2926.204			
0998.00	2926.204			
0999.00	2926.204			
1000.00	2926.204			
1001.00	2926.197			
1002.00	2926.188			
1003.00	2926.190			
1004.00	2926.193			
1005.00	2926.200			
1006.00	2926.202			
1007.00	2926.203			
1008.00	2926.204			
1009.00	2926.206			
1010.00	2926.207			
1011.00	2926.207			
1012.00	2926.208			
1013.00	2926.198			
1014.00	2926.189			
1015.00	2926.189			
1016.00	2926.188			
1017.00	2926.187			
1018.00	2926.187			
1019.00	2926.197			
1020.00	2926.200			
1021.00	2926.201			
1022.00	2926.202			
1023.00	2926.203			
1024.00	2926.204			
1025.00	2926.205			
1026.00	2926.206			
1027.00	2926.207			
1028.00	2926.207			
1029.00	2926.208			
1030.00	2926.209			
1031.00	2926.210			
1032.00	2926.211			
1033.00	2926.214			
1034.00	2926.211			
1035.00	2926.212			
1036.00	2926.215			
1037.00	2926.220			
1038.00	2926.224			
1039.00	2926.228			
1040.00	2926.233			
1041.00	2926.237			
1042.00	2926.241			
1043.00	2926.246			
1044.00	2926.250			
1045.00	2926.254			
1046.00	2926.259			
1047.00	2926.266			
1048.00	2926.277			
1049.00	2926.297			
1050.00	2926.313			
1051.00	2926.320			
1052.00	2926.327			
1053.00	2926.334			
1054.00	2926.341			
1055.00	2926.347			
1056.00	2926.354			
1057.00	2926.361			
1058.00	2926.368			
1059.00	2926.375			
1060.00	2926.382			
1061.00	2926.389			
1062.00	2926.396			
1063.00	2926.400			
1064.00	2926.402			
1065.00	2926.403			
1066.00	2926.405			
1067.00	2926.406			
1068.00	2926.404			
1069.00	2926.401			
1070.00	2926.399			
1071.00	2926.397			
1072.00	2926.394			
1073.00	2926.395			
1074.00	2926.403			
1075.00	2926.419			
1076.00	2926.436			
1077.00	2926.455			
1078.00	2926.456			
1079.00	2926.457			
1080.00	2926.458			
1081.00	2926.459			
1082.00	2926.459			
1083.00	2926.459			
1084.00	2926.460			
1085.00	2926.458			
1086.00	2926.458			
1087.00	2926.460			
1088.00	2926.462			
1089.00	2926.464			
1090.00	2926.466			
1091.00	2926.468			
1092.00	2926.470			
1093.00	2926.472			
1094.00	2926.474			
1095.00	2926.476			
1096.00	2926.478			
1097.00	2926.479			
1098.00	2926.479			
1099.00	2926.478			
1100.00	2926.478			
1101.00	2926.477			
1102.00	2926.476			
1103.00	2926.476			
1104.00	2926.474			
1105.00	2926.472			
1106.00	2926.471			
1107.00	2926.469			
1108.00	2926.466			
1109.00	2926.465			
1110.00	2926.463			
1111.00	2926.462			
1112.00	2926.461			
1113.00	2926.460			
1114.00	2926.460			
1115.00	2926.461			
1116.00	2926.461			
1117.00	2926.461			
1118.00	2926.461			
1119.00	2926.461			
1120.00	2926.461			
1121.00	2926.461			
1122.00	2926.463			
1123.00	2926.465			
1124.00	2926.467			
1125.00	2926.470			
1126.00	2926.473			
1127.00	2926.476			
1128.00	2926.479			
1129.00	2926.482			
1130.00	2926.486			
1131.00	2926.489			
1132.00	2926.493			
1133.00	2926.496			
1134.00	2926.500			
1135.00	2926.503			
1136.00	2926.507			
1137.00	2926.510			
1138.00	2926.514			
1139.00	2926.517			
1140.00	2926.521			
1141.00	2926.524			
1142.00	2926.528			
1143.00	2926.531			
1144.00	2926.534			
1145.00	2926.538			
1146.00	2926.541			
1147.00	2926.545			
1148.00	2926.548			
1149.00	2926.552			
1150.00	2926.555			
1151.00	2926.559			
1152.00	2926.562			
1153.00	2926.566			
1154.00	2926.569			
1155.00	2926.573			
1156.00	2926.576			
1157.00	2926.580			
1158.00	2926.584			
1159.00	2926.587			
1160.00	2926.591			
1161.00	2926.594			
1162.00	2926.598			
1163.00	2926.602			
1164.00	2926.605			
1165.00	2926.609			
1166.00	2926.613			
1167.00	2926.617			
1168.00	2926.620			
1169.00	2926.624			
1170.00	2926.628			
1171.00	2926.631			
1172.00	2926.635			
1173.00	2926.639			
1174.00	2926.642			
1175.00	2926.647			
1176.00	2926.654			
1177.00	2926.657			
1178.00	2926.660			
1179.00	2926.664			
1180.00	2926.667			
1181.00	2926.671			
1182.00	2926.674			
1183.00	2926.677			
1184.00	2926.681			
1185.00	2926.684			
1186.00	2926.688			
1187.00	2926.691			
1188.00	2926.694			
1189.00	2926.698			
1190.00	2926.701			
1191.00	2926.705			
1192.00	2926.708			
1193.00	2926.711			
1194.00	2926.715			
1195.00	2926.718			
1196.00	2926.722			
1197.00	2926.725			
1198.00	2926.728			
1199.00	2926.732			
1200.00	2926.735			
1201.00	2926.739			
1202.00	2926.742			
1203.00	2926.746			
1204.00	2926.749			
