distancia	batimetria	borde	dem	topo_base
0000.00	2923.347			
0001.00	2923.324			
0002.00	2923.324			
0003.00	2923.306			
0004.00	2923.308			
0005.00	2923.310			
0006.00	2923.312			
0007.00	2923.314			
0008.00	2923.316			
0009.00	2923.316			
0010.00	2923.304			
0011.00	2923.299			
0012.00	2923.297			
0013.00	2923.300			
0014.00	2923.310			
0015.00	2923.319			
0016.00	2923.328			
0017.00	2923.337			
0018.00	2923.339			
0019.00	2923.346			
0020.00	2923.347			
0021.00	2923.347			
0022.00	2923.347			
0023.00	2923.359			
0024.00	2923.356			
0025.00	2923.354			
0026.00	2923.344			
0027.00	2923.334			
0028.00	2923.329			
0029.00	2923.325			
0030.00	2923.322			
0031.00	2923.319			
0032.00	2923.316			
0033.00	2923.313			
0034.00	2923.311			
0035.00	2923.308			
0036.00	2923.306			
0037.00	2923.305			
0038.00	2923.304			
0039.00	2923.304			
0040.00	2923.303			
0041.00	2923.303			
0042.00	2923.302			
0043.00	2923.302			
0044.00	2923.301			
0045.00	2923.301			
0046.00	2923.300			
0047.00	2923.296			
0048.00	2923.292			
0049.00	2923.290			
0050.00	2923.285			
0051.00	2923.285			
0052.00	2923.276			
0053.00	2923.267			
0054.00	2923.265			
0055.00	2923.263			
0056.00	2923.261			
0057.00	2923.258			
0058.00	2923.251			
0059.00	2923.244			
0060.00	2923.230			
0061.00	2923.217			
0062.00	2923.207			
0063.00	2923.203			
0064.00	2923.198			
0065.00	2923.194			
0066.00	2923.190			
0067.00	2923.185			
0068.00	2923.185			
0069.00	2923.186			
0070.00	2923.203			
0071.00	2923.217			
0072.00	2923.214			
0073.00	2923.221			
0074.00	2923.229			
0075.00	2923.237			
0076.00	2923.244			
0077.00	2923.253			
0078.00	2923.265			
0079.00	2923.268			
0080.00	2923.269			
0081.00	2923.269			
0082.00	2923.273			
0083.00	2923.280			
0084.00	2923.286			
0085.00	2923.301			
0086.00	2923.318			
0087.00	2923.323			
0088.00	2923.320			
0089.00	2923.315			
0090.00	2923.308			
0091.00	2923.306			
0092.00	2923.304			
0093.00	2923.302			
0094.00	2923.300			
0095.00	2923.306			
0096.00	2923.303			
0097.00	2923.302			
0098.00	2923.301			
0099.00	2923.303			
0100.00	2923.306			
0101.00	2923.308			
0102.00	2923.317			
0103.00	2923.320			
0104.00	2923.315			
0105.00	2923.312			
0106.00	2923.314			
0107.00	2923.317			
0108.00	2923.320			
0109.00	2923.322			
0110.00	2923.324			
0111.00	2923.326			
0112.00	2923.328			
0113.00	2923.330			
0114.00	2923.329			
0115.00	2923.324			
0116.00	2923.321			
0117.00	2923.319			
0118.00	2923.338			
0119.00	2923.328			
0120.00	2923.329			
0121.00	2923.330			
0122.00	2923.322			
0123.00	2923.316			
0124.00	2923.316			
0125.00	2923.319			
0126.00	2923.325			
0127.00	2923.335			
0128.00	2923.339			
0129.00	2923.342			
0130.00	2923.347			
0131.00	2923.356			
0132.00	2923.358			
0133.00	2923.363			
0134.00	2923.365			
0135.00	2923.365			
0136.00	2923.366			
0137.00	2923.366			
0138.00	2923.367			
0139.00	2923.367			
0140.00	2923.367			
0141.00	2923.368			
0142.00	2923.368			
0143.00	2923.368			
0144.00	2923.367			
0145.00	2923.365			
0146.00	2923.364			
0147.00	2923.362			
0148.00	2923.360			
0149.00	2923.358			
0150.00	2923.356			
0151.00	2923.354			
0152.00	2923.352			
0153.00	2923.351			
0154.00	2923.349			
0155.00	2923.351			
0156.00	2923.353			
0157.00	2923.357			
0158.00	2923.356			
0159.00	2923.354			
0160.00	2923.351			
0161.00	2923.348			
0162.00	2923.345			
0163.00	2923.343			
0164.00	2923.341			
0165.00	2923.341			
0166.00	2923.341			
0167.00	2923.341			
0168.00	2923.342			
0169.00	2923.342			
0170.00	2923.342			
0171.00	2923.342			
0172.00	2923.343			
0173.00	2923.343			
0174.00	2923.343			
0175.00	2923.343			
0176.00	2923.343			
0177.00	2923.344			
0178.00	2923.340			
0179.00	2923.334			
0180.00	2923.335			
0181.00	2923.339			
0182.00	2923.345			
0183.00	2923.352			
0184.00	2923.356			
0185.00	2923.357			
0186.00	2923.359			
0187.00	2923.361			
0188.00	2923.362			
0189.00	2923.361			
0190.00	2923.351			
0191.00	2923.318			
0192.00	2923.372			
0193.00	2923.363			
0194.00	2923.351			
0195.00	2923.341			
0196.00	2923.338			
0197.00	2923.341			
0198.00	2923.343			
0199.00	2923.325			
0200.00	2923.344			
0201.00	2923.334			
0202.00	2923.330			
0203.00	2923.330			
0204.00	2923.321			
0205.00	2923.312			
0206.00	2923.315			
0207.00	2923.322			
0208.00	2923.319			
0209.00	2923.309			
0210.00	2923.296			
0211.00	2923.295			
0212.00	2923.295			
0213.00	2923.294			
0214.00	2923.293			
0215.00	2923.292			
0216.00	2923.292			
0217.00	2923.293			
0218.00	2923.298			
0219.00	2923.304			
0220.00	2923.309			
0221.00	2923.314			
0222.00	2923.319			
0223.00	2923.325			
0224.00	2923.342			
0225.00	2923.357			
0226.00	2923.359			
0227.00	2923.363			
0228.00	2923.381			
0229.00	2923.398			
0230.00	2923.401			
0231.00	2923.399			
0232.00	2923.397			
0233.00	2923.395			
0234.00	2923.393			
0235.00	2923.390			
0236.00	2923.385			
0237.00	2923.381			
0238.00	2923.376			
0239.00	2923.372			
0240.00	2923.366			
0241.00	2923.365			
0242.00	2923.364			
0243.00	2923.363			
0244.00	2923.385			
0245.00	2923.414			
0246.00	2923.431			
0247.00	2923.438			
0248.00	2923.429			
0249.00	2923.420			
0250.00	2923.419			
0251.00	2923.425			
0252.00	2923.430			
0253.00	2923.435			
0254.00	2923.440			
0255.00	2923.436			
0256.00	2923.445			
0257.00	2923.447			
0258.00	2923.446			
0259.00	2923.446			
0260.00	2923.446			
0261.00	2923.445			
0262.00	2923.450			
0263.00	2923.458			
0264.00	2923.465			
0265.00	2923.464			
0266.00	2923.459			
0267.00	2923.445			
0268.00	2923.432			
0269.00	2923.418			
0270.00	2923.410			
0271.00	2923.417			
0272.00	2923.417			
0273.00	2923.421			
0274.00	2923.427			
0275.00	2923.432			
0276.00	2923.445			
0277.00	2923.463			
0278.00	2923.480			
0279.00	2923.498			
0280.00	2923.511			
0281.00	2923.511			
0282.00	2923.508			
0283.00	2923.503			
0284.00	2923.501			
0285.00	2923.502			
0286.00	2923.504			
0287.00	2923.505			
0288.00	2923.506			
0289.00	2923.507			
0290.00	2923.509			
0291.00	2923.510			
0292.00	2923.513			
0293.00	2923.518			
0294.00	2923.524			
0295.00	2923.528			
0296.00	2923.532			
0297.00	2923.536			
0298.00	2923.540			
0299.00	2923.544			
0300.00	2923.548			
0301.00	2923.552			
0302.00	2923.556			
0303.00	2923.560			
0304.00	2923.564			
0305.00	2923.568			
0306.00	2923.572			
0307.00	2923.601			
0308.00	2923.629			
0309.00	2923.624			
0310.00	2923.620			
0311.00	2923.620			
0312.00	2923.618			
0313.00	2923.617			
0314.00	2923.616			
0315.00	2923.615			
0316.00	2923.613			
0317.00	2923.612			
0318.00	2923.613			
0319.00	2923.622			
0320.00	2923.632			
0321.00	2923.637			
0322.00	2923.642			
0323.00	2923.646			
0324.00	2923.651			
0325.00	2923.662			
0326.00	2923.683			
0327.00	2923.698			
0328.00	2923.691			
0329.00	2923.684			
0330.00	2923.677			
0331.00	2923.670			
0332.00	2923.663			
0333.00	2923.660			
0334.00	2923.656			
0335.00	2923.659			
0336.00	2923.704			
0337.00	2923.711			
0338.00	2923.707			
0339.00	2923.708			
0340.00	2923.716			
0341.00	2923.725			
0342.00	2923.733			
0343.00	2923.752			
0344.00	2923.785			
0345.00	2923.780			
0346.00	2923.771			
0347.00	2923.766			
0348.00	2923.757			
0349.00	2923.757			
0350.00	2923.761			
0351.00	2923.765			
0352.00	2923.769			
0353.00	2923.773			
0354.00	2923.777			
0355.00	2923.780			
0356.00	2923.783			
0357.00	2923.783			
0358.00	2923.782			
0359.00	2923.777			
0360.00	2923.769			
0361.00	2923.774			
0362.00	2923.784			
0363.00	2923.801			
0364.00	2923.809			
0365.00	2923.813			
0366.00	2923.817			
0367.00	2923.826			
0368.00	2923.861			
0369.00	2923.870			
0370.00	2923.870			
0371.00	2923.860			
0372.00	2923.868			
0373.00	2923.878			
0374.00	2923.896			
0375.00	2923.910			
0376.00	2923.911			
0377.00	2923.910			
0378.00	2923.909			
0379.00	2923.909			
0380.00	2923.908			
0381.00	2923.907			
0382.00	2923.909			
0383.00	2923.908			
0384.00	2923.922			
0385.00	2923.942			
0386.00	2923.962			
0387.00	2923.971			
0388.00	2923.960			
0389.00	2923.963			
0390.00	2923.966			
0391.00	2923.969			
0392.00	2923.972			
0393.00	2923.975			
0394.00	2923.980			
0395.00	2924.005			
0396.00	2924.024			
0397.00	2924.022			
0398.00	2924.028			
0399.00	2924.032			
0400.00	2924.014			
0401.00	2924.018			
0402.00	2924.030			
0403.00	2924.032			
0404.00	2924.027			
0405.00	2924.031			
0406.00	2924.031			
0407.00	2924.038			
0408.00	2924.043			
0409.00	2924.059			
0410.00	2924.089			
0411.00	2924.107			
0412.00	2924.107			
0413.00	2924.106			
0414.00	2924.104			
0415.00	2924.107			
0416.00	2924.109			
0417.00	2924.112			
0418.00	2924.115			
0419.00	2924.118			
0420.00	2924.120			
0421.00	2924.119			
0422.00	2924.117			
0423.00	2924.115			
0424.00	2924.126			
0425.00	2924.137			
0426.00	2924.147			
0427.00	2924.181			
0428.00	2924.165			
0429.00	2924.168			
0430.00	2924.165			
0431.00	2924.170			
0432.00	2924.176			
0433.00	2924.182			
0434.00	2924.195			
0435.00	2924.218			
0436.00	2924.239			
0437.00	2924.245			
0438.00	2924.249			
0439.00	2924.248			
0440.00	2924.248			
0441.00	2924.248			
0442.00	2924.245			
0443.00	2924.242			
0444.00	2924.240			
0445.00	2924.240			
0446.00	2924.242			
0447.00	2924.248			
0448.00	2924.258			
0449.00	2924.275			
0450.00	2924.298			
0451.00	2924.321			
0452.00	2924.331			
0453.00	2924.331			
0454.00	2924.330			
0455.00	2924.330			
0456.00	2924.329			
0457.00	2924.329			
0458.00	2924.328			
0459.00	2924.328			
0460.00	2924.327			
0461.00	2924.326			
0462.00	2924.346			
0463.00	2924.361			
0464.00	2924.365			
0465.00	2924.367			
0466.00	2924.358			
0467.00	2924.351			
0468.00	2924.356			
0469.00	2924.364			
0470.00	2924.371			
0471.00	2924.379			
0472.00	2924.390			
0473.00	2924.390			
0474.00	2924.390			
0475.00	2924.392			
0476.00	2924.411			
0477.00	2924.410			
0478.00	2924.410			
0479.00	2924.413			
0480.00	2924.418			
0481.00	2924.430			
0482.00	2924.440			
0483.00	2924.437			
0484.00	2924.435			
0485.00	2924.433			
0486.00	2924.431			
0487.00	2924.428			
0488.00	2924.426			
0489.00	2924.440			
0490.00	2924.456			
0491.00	2924.467			
0492.00	2924.484			
0493.00	2924.499			
0494.00	2924.488			
0495.00	2924.477			
0496.00	2924.484			
0497.00	2924.510			
0498.00	2924.538			
0499.00	2924.547			
0500.00	2924.523			
0501.00	2924.538			
0502.00	2924.524			
0503.00	2924.529			
0504.00	2924.533			
0505.00	2924.534			
0506.00	2924.549			
0507.00	2924.551			
0508.00	2924.545			
0509.00	2924.552			
0510.00	2924.576			
0511.00	2924.593			
0512.00	2924.610			
0513.00	2924.613			
0514.00	2924.611			
0515.00	2924.615			
0516.00	2924.618			
0517.00	2924.617			
0518.00	2924.630			
0519.00	2924.635			
0520.00	2924.636			
0521.00	2924.638			
0522.00	2924.640			
0523.00	2924.649			
0524.00	2924.662			
0525.00	2924.660			
0526.00	2924.642			
0527.00	2924.643			
0528.00	2924.661			
0529.00	2924.670			
0530.00	2924.671			
0531.00	2924.673			
0532.00	2924.683			
0533.00	2924.681			
0534.00	2924.679			
0535.00	2924.684			
0536.00	2924.702			
0537.00	2924.714			
0538.00	2924.725			
0539.00	2924.732			
0540.00	2924.724			
0541.00	2924.727			
0542.00	2924.732			
0543.00	2924.741			
0544.00	2924.721			
0545.00	2924.738			
0546.00	2924.747			
0547.00	2924.756			
0548.00	2924.764			
0549.00	2924.764			
0550.00	2924.776			
0551.00	2924.768			
0552.00	2924.769			
0553.00	2924.769			
0554.00	2924.767			
0555.00	2924.773			
0556.00	2924.762			
0557.00	2924.767			
0558.00	2924.767			
0559.00	2924.767			
0560.00	2924.767			
0561.00	2924.767			
0562.00	2924.773			
0563.00	2924.778			
0564.00	2924.781			
0565.00	2924.783			
0566.00	2924.790			
0567.00	2924.798			
0568.00	2924.799			
0569.00	2924.802			
0570.00	2924.805			
0571.00	2924.808			
0572.00	2924.811			
0573.00	2924.814			
0574.00	2924.834			
0575.00	2924.841			
0576.00	2924.821			
0577.00	2924.821			
0578.00	2924.826			
0579.00	2924.841			
0580.00	2924.823			
0581.00	2924.814			
0582.00	2924.822			
0583.00	2924.827			
0584.00	2924.833			
0585.00	2924.838			
0586.00	2924.844			
0587.00	2924.849			
0588.00	2924.855			
0589.00	2924.860			
0590.00	2924.866			
0591.00	2924.871			
0592.00	2924.877			
0593.00	2924.880			
0594.00	2924.880			
0595.00	2924.880			
0596.00	2924.881			
0597.00	2924.883			
0598.00	2924.883			
0599.00	2924.881			
0600.00	2924.880			
0601.00	2924.883			
0602.00	2924.891			
0603.00	2924.882			
0604.00	2924.873			
0605.00	2924.864			
0606.00	2924.856			
0607.00	2924.859			
0608.00	2924.863			
0609.00	2924.868			
0610.00	2924.868			
0611.00	2924.870			
0612.00	2924.872			
0613.00	2924.873			
0614.00	2924.875			
0615.00	2924.877			
0616.00	2924.878			
0617.00	2924.880			
0618.00	2924.882			
0619.00	2924.892			
0620.00	2924.907			
0621.00	2924.923			
0622.00	2924.933			
0623.00	2924.939			
0624.00	2924.940			
0625.00	2924.938			
0626.00	2924.935			
0627.00	2924.933			
0628.00	2924.930			
0629.00	2924.939			
0630.00	2924.950			
0631.00	2924.959			
0632.00	2924.959			
0633.00	2924.960			
0634.00	2924.963			
0635.00	2924.967			
0636.00	2924.971			
0637.00	2924.976			
0638.00	2924.980			
0639.00	2924.984			
0640.00	2924.983			
0641.00	2924.980			
0642.00	2924.979			
0643.00	2924.964			
0644.00	2924.979			
0645.00	2924.959			
0646.00	2924.956			
0647.00	2924.959			
0648.00	2924.957			
0649.00	2924.971			
0650.00	2924.969			
0651.00	2924.967			
0652.00	2924.969			
0653.00	2924.964			
0654.00	2924.985			
0655.00	2924.987			
0656.00	2924.987			
0657.00	2924.987			
0658.00	2924.987			
0659.00	2924.987			
0660.00	2925.008			
0661.00	2925.022			
0662.00	2925.024			
0663.00	2925.025			
0664.00	2925.026			
0665.00	2925.028			
0666.00	2925.029			
0667.00	2925.030			
0668.00	2925.031			
0669.00	2925.033			
0670.00	2925.034			
0671.00	2925.035			
0672.00	2925.037			
0673.00	2925.035			
0674.00	2925.033			
0675.00	2925.030			
0676.00	2925.040			
0677.00	2925.023			
0678.00	2925.016			
0679.00	2925.024			
0680.00	2925.022			
0681.00	2925.021			
0682.00	2925.019			
0683.00	2925.018			
0684.00	2925.022			
0685.00	2925.025			
0686.00	2925.028			
0687.00	2925.037			
0688.00	2925.041			
0689.00	2925.034			
0690.00	2925.023			
0691.00	2925.039			
0692.00	2925.059			
0693.00	2925.064			
0694.00	2925.069			
0695.00	2925.073			
0696.00	2925.069			
0697.00	2925.069			
0698.00	2925.070			
0699.00	2925.077			
0700.00	2925.072			
0701.00	2925.074			
0702.00	2925.070			
0703.00	2925.069			
0704.00	2925.087			
0705.00	2925.086			
0706.00	2925.092			
0707.00	2925.094			
0708.00	2925.098			
0709.00	2925.096			
0710.00	2925.095			
0711.00	2925.095			
0712.00	2925.095			
0713.00	2925.108			
0714.00	2925.112			
0715.00	2925.111			
0716.00	2925.124			
0717.00	2925.136			
0718.00	2925.132			
0719.00	2925.139			
0720.00	2925.138			
0721.00	2925.144			
0722.00	2925.145			
0723.00	2925.146			
0724.00	2925.147			
0725.00	2925.149			
0726.00	2925.153			
0727.00	2925.156			
0728.00	2925.153			
0729.00	2925.149			
0730.00	2925.151			
0731.00	2925.157			
0732.00	2925.162			
0733.00	2925.167			
0734.00	2925.173			
0735.00	2925.176			
0736.00	2925.180			
0737.00	2925.178			
0738.00	2925.170			
0739.00	2925.165			
0740.00	2925.166			
0741.00	2925.166			
0742.00	2925.162			
0743.00	2925.158			
0744.00	2925.158			
0745.00	2925.159			
0746.00	2925.159			
0747.00	2925.162			
0748.00	2925.187			
0749.00	2925.187			
0750.00	2925.182			
0751.00	2925.178			
0752.00	2925.173			
0753.00	2925.168			
0754.00	2925.164			
0755.00	2925.172			
0756.00	2925.166			
0757.00	2925.159			
0758.00	2925.156			
0759.00	2925.155			
0760.00	2925.161			
0761.00	2925.166			
0762.00	2925.172			
0763.00	2925.175			
0764.00	2925.178			
0765.00	2925.181			
0766.00	2925.184			
0767.00	2925.187			
0768.00	2925.189			
0769.00	2925.192			
0770.00	2925.195			
0771.00	2925.198			
0772.00	2925.204			
0773.00	2925.211			
0774.00	2925.219			
0775.00	2925.226			
0776.00	2925.233			
0777.00	2925.240			
0778.00	2925.245			
0779.00	2925.251			
0780.00	2925.249			
0781.00	2925.240			
0782.00	2925.241			
0783.00	2925.251			
0784.00	2925.254			
0785.00	2925.257			
0786.00	2925.260			
0787.00	2925.258			
0788.00	2925.255			
0789.00	2925.250			
0790.00	2925.248			
0791.00	2925.247			
0792.00	2925.245			
0793.00	2925.244			
0794.00	2925.264			
0795.00	2925.287			
0796.00	2925.309			
0797.00	2925.315			
0798.00	2925.317			
0799.00	2925.320			
0800.00	2925.321			
0801.00	2925.316			
0802.00	2925.315			
0803.00	2925.315			
0804.00	2925.314			
0805.00	2925.313			
0806.00	2925.314			
0807.00	2925.316			
0808.00	2925.318			
0809.00	2925.320			
0810.00	2925.322			
0811.00	2925.326			
0812.00	2925.333			
0813.00	2925.340			
0814.00	2925.347			
0815.00	2925.354			
0816.00	2925.361			
0817.00	2925.369			
0818.00	2925.376			
0819.00	2925.383			
0820.00	2925.385			
0821.00	2925.386			
0822.00	2925.379			
0823.00	2925.370			
0824.00	2925.370			
0825.00	2925.370			
0826.00	2925.370			
0827.00	2925.370			
0828.00	2925.369			
0829.00	2925.369			
0830.00	2925.369			
0831.00	2925.369			
0832.00	2925.369			
0833.00	2925.369			
0834.00	2925.369			
0835.00	2925.369			
0836.00	2925.369			
0837.00	2925.369			
0838.00	2925.368			
0839.00	2925.368			
0840.00	2925.368			
0841.00	2925.368			
0842.00	2925.368			
0843.00	2925.368			
0844.00	2925.395			
0845.00	2925.403			
0846.00	2925.408			
0847.00	2925.439			
0848.00	2925.438			
0849.00	2925.435			
0850.00	2925.432			
0851.00	2925.443			
0852.00	2925.444			
0853.00	2925.447			
0854.00	2925.451			
0855.00	2925.455			
0856.00	2925.459			
0857.00	2925.463			
0858.00	2925.467			
0859.00	2925.470			
0860.00	2925.472			
0861.00	2925.473			
0862.00	2925.476			
0863.00	2925.481			
0864.00	2925.486			
0865.00	2925.484			
0866.00	2925.478			
0867.00	2925.474			
0868.00	2925.475			
0869.00	2925.473			
0870.00	2925.472			
0871.00	2925.473			
0872.00	2925.475			
0873.00	2925.478			
0874.00	2925.481			
0875.00	2925.486			
0876.00	2925.491			
0877.00	2925.503			
0878.00	2925.504			
0879.00	2925.501			
0880.00	2925.494			
0881.00	2925.494			
0882.00	2925.502			
0883.00	2925.511			
0884.00	2925.513			
0885.00	2925.514			
0886.00	2925.515			
0887.00	2925.516			
0888.00	2925.517			
0889.00	2925.518			
0890.00	2925.519			
0891.00	2925.520			
0892.00	2925.520			
0893.00	2925.518			
0894.00	2925.516			
0895.00	2925.514			
0896.00	2925.516			
0897.00	2925.520			
0898.00	2925.526			
0899.00	2925.538			
0900.00	2925.550			
0901.00	2925.562			
0902.00	2925.574			
0903.00	2925.581			
0904.00	2925.585			
0905.00	2925.589			
0906.00	2925.594			
0907.00	2925.598			
0908.00	2925.602			
0909.00	2925.606			
0910.00	2925.611			
0911.00	2925.615			
0912.00	2925.619			
0913.00	2925.623			
0914.00	2925.624			
0915.00	2925.631			
0916.00	2925.636			
0917.00	2925.638			
0918.00	2925.640			
0919.00	2925.643			
0920.00	2925.636			
0921.00	2925.631			
0922.00	2925.661			
0923.00	2925.654			
0924.00	2925.660			
0925.00	2925.662			
0926.00	2925.666			
0927.00	2925.669			
0928.00	2925.672			
0929.00	2925.675			
0930.00	2925.676			
0931.00	2925.677			
0932.00	2925.680			
0933.00	2925.684			
0934.00	2925.687			
0935.00	2925.691			
0936.00	2925.692			
0937.00	2925.693			
0938.00	2925.694			
0939.00	2925.695			
0940.00	2925.689			
0941.00	2925.682			
0942.00	2925.696			
0943.00	2925.700			
0944.00	2925.706			
0945.00	2925.743			
0946.00	2925.747			
0947.00	2925.749			
0948.00	2925.751			
0949.00	2925.755			
0950.00	2925.757			
0951.00	2925.759			
0952.00	2925.761			
0953.00	2925.763			
0954.00	2925.765			
0955.00	2925.767			
0956.00	2925.770			
0957.00	2925.772			
0958.00	2925.774			
0959.00	2925.776			
0960.00	2925.777			
0961.00	2925.778			
0962.00	2925.778			
0963.00	2925.779			
0964.00	2925.779			
0965.00	2925.780			
0966.00	2925.780			
0967.00	2925.782			
0968.00	2925.784			
0969.00	2925.792			
0970.00	2925.795			
0971.00	2925.798			
0972.00	2925.801			
0973.00	2925.804			
0974.00	2925.807			
0975.00	2925.810			
0976.00	2925.812			
0977.00	2925.815			
0978.00	2925.818			
0979.00	2925.821			
0980.00	2925.824			
0981.00	2925.827			
0982.00	2925.830			
0983.00	2925.832			
0984.00	2925.835			
0985.00	2925.838			
0986.00	2925.841			
0987.00	2925.844			
0988.00	2925.847			
0989.00	2925.850			
0990.00	2925.852			
0991.00	2925.855			
0992.00	2925.858			
0993.00	2925.861			
0994.00	2925.864			
0995.00	2925.867			
0996.00	2925.882			
0997.00	2925.879			
0998.00	2925.868			
0999.00	2925.870			
1000.00	2925.873			
1001.00	2925.874			
1002.00	2925.896			
1003.00	2925.889			
1004.00	2925.892			
1005.00	2925.896			
1006.00	2925.899			
1007.00	2925.898			
1008.00	2925.901			
1009.00	2925.906			
1010.00	2925.910			
1011.00	2925.911			
1012.00	2925.913			
1013.00	2925.914			
1014.00	2925.915			
1015.00	2925.917			
1016.00	2925.917			
1017.00	2925.919			
1018.00	2925.925			
1019.00	2925.929			
1020.00	2925.929			
1021.00	2925.931			
1022.00	2925.932			
1023.00	2925.934			
1024.00	2925.935			
1025.00	2925.936			
1026.00	2925.938			
1027.00	2925.939			
1028.00	2925.940			
1029.00	2925.942			
1030.00	2925.943			
1031.00	2925.944			
1032.00	2925.945			
1033.00	2925.946			
1034.00	2925.947			
1035.00	2925.949			
1036.00	2925.950			
1037.00	2925.951			
1038.00	2925.952			
1039.00	2925.953			
1040.00	2925.954			
1041.00	2925.956			
1042.00	2925.957			
1043.00	2925.958			
1044.00	2925.959			
1045.00	2925.960			
1046.00	2925.961			
1047.00	2925.962			
1048.00	2925.963			
1049.00	2925.964			
1050.00	2925.965			
1051.00	2925.965			
1052.00	2925.966			
1053.00	2925.967			
1054.00	2925.967			
1055.00	2925.968			
1056.00	2925.969			
1057.00	2925.969			
1058.00	2925.970			
1059.00	2925.971			
1060.00	2925.972			
1061.00	2925.972			
1062.00	2925.973			
1063.00	2925.974			
1064.00	2925.975			
1065.00	2925.975			
1066.00	2925.976			
1067.00	2925.977			
1068.00	2925.977			
1069.00	2925.978			
1070.00	2925.979			
1071.00	2925.979			
1072.00	2925.965			
1073.00	2925.963			
1074.00	2925.964			
1075.00	2925.965			
1076.00	2925.966			
1077.00	2925.966			
1078.00	2925.967			
1079.00	2925.968			
1080.00	2925.969			
1081.00	2925.970			
1082.00	2925.970			
1083.00	2925.971			
1084.00	2925.972			
1085.00	2925.973			
1086.00	2925.973			
1087.00	2925.974			
1088.00	2925.975			
1089.00	2925.976			
1090.00	2925.977			
1091.00	2925.977			
1092.00	2925.978			
1093.00	2925.979			
1094.00	2925.980			
1095.00	2925.980			
1096.00	2925.981			
1097.00	2925.982			
1098.00	2925.983			
1099.00	2925.984			
1100.00	2925.984			
1101.00	2925.985			
1102.00	2925.986			
1103.00	2925.987			
1104.00	2925.988			
1105.00	2925.988			
1106.00	2925.989			
1107.00	2925.990			
1108.00	2925.991			
1109.00	2925.992			
1110.00	2925.994			
1111.00	2925.995			
1112.00	2925.996			
1113.00	2925.997			
1114.00	2925.998			
1115.00	2926.000			
1116.00	2926.001			
1117.00	2926.002			
1118.00	2926.003			
1119.00	2926.004			
1120.00	2926.005			
1121.00	2926.007			
1122.00	2926.008			
1123.00	2926.009			
1124.00	2926.010			
1125.00	2926.012			
1126.00	2926.014			
1127.00	2926.016			
1128.00	2926.018			
1129.00	2926.020			
1130.00	2926.022			
1131.00	2926.024			
1132.00	2926.026			
1133.00	2926.028			
1134.00	2926.033			
1135.00	2926.039			
1136.00	2926.045			
1137.00	2926.035			
1138.00	2926.037			
1139.00	2926.040			
1140.00	2926.043			
1141.00	2926.046			
1142.00	2926.049			
1143.00	2926.052			
1144.00	2926.056			
1145.00	2926.061			
1146.00	2926.062			
1147.00	2926.064			
1148.00	2926.065			
1149.00	2926.067			
1150.00	2926.068			
1151.00	2926.070			
1152.00	2926.071			
1153.00	2926.073			
1154.00	2926.075			
1155.00	2926.079			
1156.00	2926.082			
1157.00	2926.082			
1158.00	2926.079			
1159.00	2926.077			
1160.00	2926.079			
1161.00	2926.082			
1162.00	2926.084			
1163.00	2926.087			
1164.00	2926.090			
1165.00	2926.093			
1166.00	2926.096			
1167.00	2926.099			
1168.00	2926.099			
1169.00	2926.102			
1170.00	2926.105			
1171.00	2926.108			
1172.00	2926.111			
1173.00	2926.114			
1174.00	2926.117			
1175.00	2926.120			
1176.00	2926.123			
1177.00	2926.126			
1178.00	2926.129			
1179.00	2926.133			
1180.00	2926.140			
1181.00	2926.147			
1182.00	2926.154			
1183.00	2926.161			
1184.00	2926.168			
1185.00	2926.175			
1186.00	2926.181			
1187.00	2926.188			
1188.00	2926.195			
1189.00	2926.202			
1190.00	2926.209			
1191.00	2926.216			
1192.00	2926.223			
1193.00	2926.230			
1194.00	2926.236			
1195.00	2926.243			
1196.00	2926.250			
1197.00	2926.262			
1198.00	2926.274			
1199.00	2926.285			
1200.00	2926.293			
1201.00	2926.301			
1202.00	2926.309			
1203.00	2926.317			
1204.00	2926.323			
1205.00	2926.329			
1206.00	2926.335			
1207.00	2926.342			
1208.00	2926.349			
1209.00	2926.357			
1210.00	2926.364			
1211.00	2926.371			
1212.00	2926.379			
1213.00	2926.386			
1214.00	2926.393			
1215.00	2926.400			
1216.00	2926.408			
1217.00	2926.415			
1218.00	2926.426			
1219.00	2926.439			
1220.00	2926.446			
1221.00	2926.453			
1222.00	2926.460			
1223.00	2926.466			
1224.00	2926.470			
1225.00	2926.474			
1226.00	2926.477			
1227.00	2926.481			
1228.00	2926.484			
1229.00	2926.487			
1230.00	2926.490			
1231.00	2926.493			
1232.00	2926.497			
1233.00	2926.501			
1234.00	2926.505			
1235.00	2926.508			
1236.00	2926.512			
1237.00	2926.516			
1238.00	2926.520			
1239.00	2926.524			
1240.00	2926.528			
1241.00	2926.532			
1242.00	2926.537			
1243.00	2926.541			
1244.00	2926.546			
1245.00	2926.550			
1246.00	2926.555			
1247.00	2926.559			
1248.00	2926.564			
1249.00	2926.568			
1250.00	2926.573			
1251.00	2926.577			
1252.00	2926.582			
1253.00	2926.587			
1254.00	2926.592			
1255.00	2926.596			
1256.00	2926.601			
1257.00	2926.606			
1258.00	2926.611			
1259.00	2926.616			
1260.00	2926.621			
1261.00	2926.626			
1262.00	2926.630			
1263.00	2926.635			
1264.00	2926.640			
1265.00	2926.645			
1266.00	2926.650			
1267.00	2926.655			
1268.00	2926.660			
1269.00	2926.664			
1270.00	2926.669			
1271.00	2926.674			
1272.00	2926.679			
1273.00	2926.684			
1274.00	2926.689			
1275.00	2926.694			
1276.00	2926.698			
1277.00	2926.703			
1278.00	2926.708			
1279.00	2926.713			
1280.00	2926.718			
1281.00	2926.723			
1282.00	2926.728			
1283.00	2926.733			
1284.00	2926.738			
1285.00	2926.743			
1286.00	2926.748			
1286.50	2926.750			
